# nbins = 1250 
# xmin = -1000 
# xmax = 7000 
-1000 6.4 0 
-993.6 6.4 0 
-987.2 6.4 0 
-980.8 6.4 0 
-974.4 6.4 0 
-968 6.4 0 
-961.6 6.4 0 
-955.2 6.4 0 
-948.8 6.4 0 
-942.4 6.4 0 
-936 6.4 0 
-929.6 6.4 0 
-923.2 6.4 0 
-916.8 6.4 0 
-910.4 6.4 0 
-904 6.4 0 
-897.6 6.4 0 
-891.2 6.4 0 
-884.8 6.4 0 
-878.4 6.4 0 
-872 6.4 0 
-865.6 6.4 0 
-859.2 6.4 0 
-852.8 6.4 0 
-846.4 6.4 0 
-840 6.4 0 
-833.6 6.4 0 
-827.2 6.4 0 
-820.8 6.4 0 
-814.4 6.4 0 
-808 6.4 0 
-801.6 6.4 0 
-795.2 6.4 0 
-788.8 6.4 0 
-782.4 6.4 0 
-776 6.4 0 
-769.6 6.4 0 
-763.2 6.4 0 
-756.8 6.4 0 
-750.4 6.4 0 
-744 6.4 0 
-737.6 6.4 0 
-731.2 6.4 0 
-724.8 6.4 0 
-718.4 6.4 0 
-712 6.4 0 
-705.6 6.4 0 
-699.2 6.4 0 
-692.8 6.4 0 
-686.4 6.4 0 
-680 6.4 0 
-673.6 6.4 0 
-667.2 6.4 0 
-660.8 6.4 0 
-654.4 6.4 0 
-648 6.4 0 
-641.6 6.4 0 
-635.2 6.4 0 
-628.8 6.4 0 
-622.4 6.4 0 
-616 6.4 0 
-609.6 6.4 0 
-603.2 6.4 0 
-596.8 6.4 0 
-590.4 6.4 0 
-584 6.4 0 
-577.6 6.4 0 
-571.2 6.4 0 
-564.8 6.4 0 
-558.4 6.4 0 
-552 6.4 0 
-545.6 6.4 0 
-539.2 6.4 0 
-532.8 6.4 0 
-526.4 6.4 0 
-520 6.4 0 
-513.6 6.4 0 
-507.2 6.4 0 
-500.8 6.4 0 
-494.4 6.4 0 
-488 6.4 0 
-481.6 6.4 0 
-475.2 6.4 0 
-468.8 6.4 0 
-462.4 6.4 0 
-456 6.4 0 
-449.6 6.4 0 
-443.2 6.4 0 
-436.8 6.4 0 
-430.4 6.4 0 
-424 6.4 0 
-417.6 6.4 0 
-411.2 6.4 0 
-404.8 6.4 0 
-398.4 6.4 0 
-392 6.4 0 
-385.6 6.4 0 
-379.2 6.4 0 
-372.8 6.4 0 
-366.4 6.4 0 
-360 6.4 0 
-353.6 6.4 0 
-347.2 6.4 0 
-340.8 6.4 0 
-334.4 6.4 0 
-328 6.4 0 
-321.6 6.4 0 
-315.2 6.4 0 
-308.8 6.4 0 
-302.4 6.4 0 
-296 6.4 0 
-289.6 6.4 0 
-283.2 6.4 0 
-276.8 6.4 0 
-270.4 6.4 0 
-264 6.4 0 
-257.6 6.4 0 
-251.2 6.4 0 
-244.8 6.4 0 
-238.4 6.4 0 
-232 6.4 0 
-225.6 6.4 0 
-219.2 6.4 0 
-212.8 6.4 0 
-206.4 6.4 0 
-200 6.4 0 
-193.6 6.4 0 
-187.2 6.4 0 
-180.8 6.4 0 
-174.4 6.4 0 
-168 6.4 0 
-161.6 6.4 0 
-155.2 6.4 0 
-148.8 6.4 0 
-142.4 6.4 0 
-136 6.4 0 
-129.6 6.4 0 
-123.2 6.4 0 
-116.8 6.4 0 
-110.4 6.4 0 
-104 6.4 0 
-97.6 6.4 0 
-91.2 6.4 0 
-84.8 6.4 0 
-78.4 6.4 0 
-72 6.4 0 
-65.6 6.4 0 
-59.2 6.4 0 
-52.8 6.4 0 
-46.4 6.4 0 
-40 6.4 0 
-33.6 6.4 0 
-27.2 6.4 0 
-20.8 6.4 0 
-14.4 6.4 0 
-8 6.4 0 
-1.59998 6.4 54536154 
4.79999 6.4 0 
11.2 6.4 0 
17.6 6.4 0 
24 6.4 0 
30.4 6.4 0 
36.8 6.4 0 
43.2001 6.4 0 
49.6 6.4 0 
56 6.4 0 
62.4 6.4 0 
68.8 6.4 0 
75.2001 6.4 0 
81.6 6.4 0 
88 6.4 0 
94.4 6.4 0 
100.8 6.4 0 
107.2 6.4 0 
113.6 6.4 0 
120 6.4 0 
126.4 6.4 0 
132.8 6.4 0 
139.2 6.4 0 
145.6 6.4 0 
152 6.4 0 
158.4 6.4 0 
164.8 6.4 0 
171.2 6.4 0 
177.6 6.4 0 
184 6.4 0 
190.4 6.4 0 
196.8 6.4 0 
203.2 6.4 0 
209.6 6.4 0 
216 6.4 0 
222.4 6.4 0 
228.8 6.4 0 
235.2 6.4 0 
241.6 6.4 0 
248 6.4 0 
254.4 6.4 0 
260.8 6.4 0 
267.2 6.4 0 
273.6 6.4 0 
280 6.4 0 
286.4 6.4 0 
292.8 6.4 0 
299.2 6.4 0 
305.6 6.4 0 
312 6.4 0 
318.4 6.4 0 
324.8 6.4 0 
331.2 6.4 0 
337.6 6.4 0 
344 6.4 0 
350.4 6.4 0 
356.8 6.4 0 
363.2 6.4 0 
369.6 6.4 0 
376 6.4 0 
382.4 6.4 0 
388.8 6.4 0 
395.2 6.4 0 
401.6 6.4 0 
408 6.4 0 
414.4 6.4 0 
420.8 6.4 0 
427.2 6.4 0 
433.6 6.4 0 
440 6.4 0 
446.4 6.4 0 
452.8 6.4 0 
459.2 6.4 0 
465.6 6.4 0 
472 6.4 0 
478.4 6.4 0 
484.8 6.4 0 
491.2 6.4 0 
497.6 6.4 0 
504 6.4 0 
510.4 6.4 0 
516.8 6.4 0 
523.2 6.4 0 
529.6 6.4 0 
536 6.4 0 
542.4 6.4 0 
548.8 6.4 0 
555.2 6.4 0 
561.6 6.4 0 
568 6.4 0 
574.4 6.4 0 
580.8 6.4 0 
587.2 6.4 0 
593.6 6.4 0 
600 6.4 0 
606.4 6.4 0 
612.8 6.4 0 
619.2 6.4 0 
625.6 6.4 0 
632 6.4 0 
638.4 6.4 0 
644.8 6.4 0 
651.2 6.4 0 
657.6 6.4 0 
664 6.4 0 
670.4 6.4 0 
676.8 6.4 0 
683.2 6.4 0 
689.6 6.4 0 
696 6.4 0 
702.4 6.4 0 
708.8 6.4 0 
715.2 6.4 0 
721.6 6.4 0 
728 6.4 0 
734.4 6.4 0 
740.8 6.4 0 
747.2 6.4 0 
753.6 6.4 0 
760 6.4 0 
766.4 6.4 0 
772.8 6.4 0 
779.2 6.4 0 
785.6 6.4 0 
792 6.4 0 
798.4 6.4 0 
804.8 6.4 0 
811.2 6.4 0 
817.6 6.4 0 
824 6.4 0 
830.4 6.4 0 
836.8 6.4 0 
843.2 6.4 0 
849.6 6.4 0 
856 6.4 0 
862.4 6.4 0 
868.8 6.4 0 
875.2 6.4 0 
881.6 6.4 0 
888 6.4 0 
894.4 6.4 0 
900.8 6.4 0 
907.2 6.4 0 
913.6 6.4 0 
920 6.4 0 
926.4 6.4 0 
932.8 6.4 0 
939.2 6.4 0 
945.6 6.4 0 
952 6.4 0 
958.4 6.4 0 
964.8 6.4 0 
971.2 6.4 0 
977.6 6.4 0 
984 6.4 0 
990.4 6.4 0 
996.8 6.4 0 
1003.2 6.4 0 
1009.6 6.4 0 
1016 6.4 0 
1022.4 6.4 0 
1028.8 6.4 0 
1035.2 6.4 0 
1041.6 6.4 0 
1048 6.4 0 
1054.4 6.4 0 
1060.8 6.4 0 
1067.2 6.4 0 
1073.6 6.4 0 
1080 6.4 0 
1086.4 6.4 0 
1092.8 6.4 0 
1099.2 6.4 0 
1105.6 6.4 0 
1112 6.4 0 
1118.4 6.4 0 
1124.8 6.4 0 
1131.2 6.4 0 
1137.6 6.4 0 
1144 6.4 0 
1150.4 6.4 0 
1156.8 6.4 0 
1163.2 6.4 0 
1169.6 6.4 0 
1176 6.4 0 
1182.4 6.4 0 
1188.8 6.4 0 
1195.2 6.4 0 
1201.6 6.4 0 
1208 6.4 0 
1214.4 6.4 0 
1220.8 6.4 0 
1227.2 6.4 0 
1233.6 6.4 0 
1240 6.4 0 
1246.4 6.4 0 
1252.8 6.4 0 
1259.2 6.4 0 
1265.6 6.4 0 
1272 6.4 0 
1278.4 6.4 0 
1284.8 6.4 0 
1291.2 6.4 0 
1297.6 6.4 0 
1304 6.4 0 
1310.4 6.4 0 
1316.8 6.4 0 
1323.2 6.4 0 
1329.6 6.4 0 
1336 6.4 0 
1342.4 6.4 0 
1348.8 6.4 0 
1355.2 6.4 0 
1361.6 6.4 0 
1368 6.4 0 
1374.4 6.4 0 
1380.8 6.4 0 
1387.2 6.4 0 
1393.6 6.4 0 
1400 6.4 0 
1406.4 6.4 0 
1412.8 6.4 0 
1419.2 6.4 0 
1425.6 6.4 0 
1432 6.4 0 
1438.4 6.4 0 
1444.8 6.4 0 
1451.2 6.4 0 
1457.6 6.4 0 
1464 6.4 0 
1470.4 6.4 0 
1476.8 6.4 0 
1483.2 6.4 0 
1489.6 6.4 0 
1496 6.4 0 
1502.4 6.4 0 
1508.8 6.4 0 
1515.2 6.4 0 
1521.6 6.4 0 
1528 6.4 0 
1534.4 6.4 0 
1540.8 6.4 0 
1547.2 6.4 0 
1553.6 6.4 0 
1560 6.4 0 
1566.4 6.4 0 
1572.8 6.4 0 
1579.2 6.4 0 
1585.6 6.4 0 
1592 6.4 0 
1598.4 6.4 0 
1604.8 6.4 0 
1611.2 6.4 0 
1617.6 6.4 0 
1624 6.4 0 
1630.4 6.4 0 
1636.8 6.4 0 
1643.2 6.4 0 
1649.6 6.4 0 
1656 6.4 0 
1662.4 6.4 0 
1668.8 6.4 0 
1675.2 6.4 0 
1681.6 6.4 0 
1688 6.4 0 
1694.4 6.4 0 
1700.8 6.4 0 
1707.2 6.4 0 
1713.6 6.4 0 
1720 6.4 0 
1726.4 6.4 0 
1732.8 6.4 0 
1739.2 6.4 0 
1745.6 6.4 0 
1752 6.4 0 
1758.4 6.4 0 
1764.8 6.4 0 
1771.2 6.4 0 
1777.6 6.4 0 
1784 6.4 0 
1790.4 6.4 0 
1796.8 6.4 0 
1803.2 6.4 0 
1809.6 6.4 0 
1816 6.4 0 
1822.4 6.4 0 
1828.8 6.4 0 
1835.2 6.4 0 
1841.6 6.4 0 
1848 6.4 0 
1854.4 6.4 0 
1860.8 6.4 0 
1867.2 6.4 0 
1873.6 6.4 0 
1880 6.4 0 
1886.4 6.4 0 
1892.8 6.4 0 
1899.2 6.4 0 
1905.6 6.4 0 
1912 6.4 0 
1918.4 6.4 0 
1924.8 6.4 0 
1931.2 6.4 0 
1937.6 6.4 0 
1944 6.4 0 
1950.4 6.4 0 
1956.8 6.4 0 
1963.2 6.4 0 
1969.6 6.4 0 
1976 6.4 0 
1982.4 6.4 0 
1988.8 6.4 0 
1995.2 6.4 0 
2001.6 6.4 0 
2008 6.4 0 
2014.4 6.4 0 
2020.8 6.4 0 
2027.2 6.4 0 
2033.6 6.4 0 
2040 6.4 0 
2046.4 6.4 0 
2052.8 6.4 0 
2059.2 6.4 0 
2065.6 6.4 0 
2072 6.4 0 
2078.4 6.4 0 
2084.8 6.4 0 
2091.2 6.4 0 
2097.6 6.4 0 
2104 6.4 0 
2110.4 6.4 0 
2116.8 6.4 0 
2123.2 6.4 0 
2129.6 6.4 0 
2136 6.4 0 
2142.4 6.4 0 
2148.8 6.4 0 
2155.2 6.4 0 
2161.6 6.4 0 
2168 6.4 0 
2174.4 6.4 0 
2180.8 6.4 0 
2187.2 6.4 0 
2193.6 6.4 0 
2200 6.4 0 
2206.4 6.4 0 
2212.8 6.4 0 
2219.2 6.4 0 
2225.6 6.4 0 
2232 6.4 0 
2238.4 6.4 0 
2244.8 6.4 0 
2251.2 6.4 0 
2257.6 6.4 0 
2264 6.4 0 
2270.4 6.4 0 
2276.8 6.4 0 
2283.2 6.4 0 
2289.6 6.4 0 
2296 6.4 0 
2302.4 6.4 0 
2308.8 6.4 0 
2315.2 6.4 0 
2321.6 6.4 0 
2328 6.4 0 
2334.4 6.4 0 
2340.8 6.4 0 
2347.2 6.4 0 
2353.6 6.4 0 
2360 6.4 0 
2366.4 6.4 0 
2372.8 6.4 0 
2379.2 6.4 0 
2385.6 6.4 0 
2392 6.4 0 
2398.4 6.4 0 
2404.8 6.4 0 
2411.2 6.4 0 
2417.6 6.4 0 
2424 6.4 0 
2430.4 6.4 0 
2436.8 6.4 0 
2443.2 6.4 0 
2449.6 6.4 0 
2456 6.4 0 
2462.4 6.4 0 
2468.8 6.4 0 
2475.2 6.4 0 
2481.6 6.4 0 
2488 6.4 0 
2494.4 6.4 0 
2500.8 6.4 0 
2507.2 6.4 0 
2513.6 6.4 0 
2520 6.4 0 
2526.4 6.4 0 
2532.8 6.4 0 
2539.2 6.4 0 
2545.6 6.4 0 
2552 6.4 0 
2558.4 6.4 0 
2564.8 6.4 0 
2571.2 6.4 0 
2577.6 6.4 0 
2584 6.4 0 
2590.4 6.4 0 
2596.8 6.4 0 
2603.2 6.4 0 
2609.6 6.4 0 
2616 6.4 0 
2622.4 6.4 0 
2628.8 6.4 0 
2635.2 6.4 0 
2641.6 6.4 0 
2648 6.4 0 
2654.4 6.4 0 
2660.8 6.4 0 
2667.2 6.4 0 
2673.6 6.4 0 
2680 6.4 0 
2686.4 6.4 0 
2692.8 6.4 0 
2699.2 6.4 0 
2705.6 6.4 0 
2712 6.4 0 
2718.4 6.4 0 
2724.8 6.4 0 
2731.2 6.4 0 
2737.6 6.4 0 
2744 6.4 0 
2750.4 6.4 0 
2756.8 6.4 0 
2763.2 6.4 0 
2769.6 6.4 0 
2776 6.4 0 
2782.4 6.4 0 
2788.8 6.4 0 
2795.2 6.4 0 
2801.6 6.4 0 
2808 6.4 0 
2814.4 6.4 0 
2820.8 6.4 0 
2827.2 6.4 0 
2833.6 6.4 0 
2840 6.4 0 
2846.4 6.4 0 
2852.8 6.4 0 
2859.2 6.4 0 
2865.6 6.4 0 
2872 6.4 0 
2878.4 6.4 0 
2884.8 6.4 0 
2891.2 6.4 0 
2897.6 6.4 0 
2904 6.4 0 
2910.4 6.4 0 
2916.8 6.4 0 
2923.2 6.4 0 
2929.6 6.4 0 
2936 6.4 0 
2942.4 6.4 0 
2948.8 6.4 0 
2955.2 6.4 0 
2961.6 6.4 0 
2968 6.4 0 
2974.4 6.4 0 
2980.8 6.4 0 
2987.2 6.4 0 
2993.6 6.4 0 
3000 6.4 0 
3006.4 6.4 0 
3012.8 6.4 0 
3019.2 6.4 0 
3025.6 6.4 0 
3032 6.4 0 
3038.4 6.4 0 
3044.8 6.4 0 
3051.2 6.4 0 
3057.6 6.4 0 
3064 6.4 0 
3070.4 6.4 0 
3076.8 6.4 0 
3083.2 6.4 0 
3089.6 6.4 0 
3096 6.4 0 
3102.4 6.4 0 
3108.8 6.4 0 
3115.2 6.4 0 
3121.6 6.4 0 
3128 6.4 0 
3134.4 6.4 0 
3140.8 6.4 0 
3147.2 6.4 0 
3153.6 6.4 0 
3160 6.4 0 
3166.4 6.4 0 
3172.8 6.4 0 
3179.2 6.4 0 
3185.6 6.4 0 
3192 6.4 0 
3198.4 6.4 0 
3204.8 6.4 0 
3211.2 6.4 0 
3217.6 6.4 0 
3224 6.4 0 
3230.4 6.4 0 
3236.8 6.4 0 
3243.2 6.4 0 
3249.6 6.4 0 
3256 6.4 0 
3262.4 6.4 0 
3268.8 6.4 0 
3275.2 6.4 0 
3281.6 6.4 0 
3288 6.4 0 
3294.4 6.4 0 
3300.8 6.4 0 
3307.2 6.4 0 
3313.6 6.4 0 
3320 6.4 0 
3326.4 6.4 0 
3332.8 6.4 0 
3339.2 6.4 0 
3345.6 6.4 0 
3352 6.4 0 
3358.4 6.4 0 
3364.8 6.4 0 
3371.2 6.4 0 
3377.6 6.4 0 
3384 6.4 0 
3390.4 6.4 0 
3396.8 6.4 0 
3403.2 6.4 0 
3409.6 6.4 0 
3416 6.4 0 
3422.4 6.4 0 
3428.8 6.4 0 
3435.2 6.4 0 
3441.6 6.4 0 
3448 6.4 0 
3454.4 6.4 0 
3460.8 6.4 0 
3467.2 6.4 0 
3473.6 6.4 0 
3480 6.4 0 
3486.4 6.4 0 
3492.8 6.4 0 
3499.2 6.4 0 
3505.6 6.4 0 
3512 6.4 0 
3518.4 6.4 0 
3524.8 6.4 0 
3531.2 6.4 0 
3537.6 6.4 0 
3544 6.4 0 
3550.4 6.4 0 
3556.8 6.4 0 
3563.2 6.4 0 
3569.6 6.4 0 
3576 6.4 0 
3582.4 6.4 0 
3588.8 6.4 0 
3595.2 6.4 0 
3601.6 6.4 0 
3608 6.4 0 
3614.4 6.4 0 
3620.8 6.4 0 
3627.2 6.4 0 
3633.6 6.4 0 
3640 6.4 0 
3646.4 6.4 0 
3652.8 6.4 0 
3659.2 6.4 0 
3665.6 6.4 0 
3672 6.4 0 
3678.4 6.4 0 
3684.8 6.4 0 
3691.2 6.4 0 
3697.6 6.4 0 
3704 6.4 0 
3710.4 6.4 0 
3716.8 6.4 0 
3723.2 6.4 0 
3729.6 6.4 0 
3736 6.4 0 
3742.4 6.4 0 
3748.8 6.4 0 
3755.2 6.4 0 
3761.6 6.4 0 
3768 6.4 0 
3774.4 6.4 0 
3780.8 6.4 0 
3787.2 6.4 0 
3793.6 6.4 0 
3800 6.4 0 
3806.4 6.4 0 
3812.8 6.4 0 
3819.2 6.4 0 
3825.6 6.4 0 
3832 6.4 0 
3838.4 6.4 0 
3844.8 6.4 0 
3851.2 6.4 0 
3857.6 6.4 0 
3864 6.4 0 
3870.4 6.4 0 
3876.8 6.4 0 
3883.2 6.4 0 
3889.6 6.4 0 
3896 6.4 0 
3902.4 6.4 0 
3908.8 6.4 0 
3915.2 6.4 0 
3921.6 6.4 0 
3928 6.4 0 
3934.4 6.4 0 
3940.8 6.4 0 
3947.2 6.4 0 
3953.6 6.4 0 
3960 6.4 0 
3966.4 6.4 0 
3972.8 6.4 0 
3979.2 6.4 0 
3985.6 6.4 0 
3992 6.4 0 
3998.4 6.4 0 
4004.8 6.4 0 
4011.2 6.4 0 
4017.6 6.4 0 
4024 6.4 0 
4030.4 6.4 0 
4036.8 6.4 0 
4043.2 6.4 0 
4049.6 6.4 0 
4056 6.4 0 
4062.4 6.4 0 
4068.8 6.4 0 
4075.2 6.4 0 
4081.6 6.4 0 
4088 6.4 0 
4094.4 6.4 0 
4100.8 6.4 0 
4107.2 6.4 0 
4113.6 6.4 0 
4120 6.4 0 
4126.4 6.4 0 
4132.8 6.4 0 
4139.2 6.4 0 
4145.6 6.4 0 
4152 6.4 0 
4158.4 6.4 0 
4164.8 6.4 0 
4171.2 6.4 0 
4177.6 6.4 0 
4184 6.4 0 
4190.4 6.4 0 
4196.8 6.4 0 
4203.2 6.4 0 
4209.6 6.4 0 
4216 6.4 0 
4222.4 6.4 0 
4228.8 6.4 0 
4235.2 6.4 0 
4241.6 6.4 0 
4248 6.4 0 
4254.4 6.4 0 
4260.8 6.4 0 
4267.2 6.4 0 
4273.6 6.4 0 
4280 6.4 0 
4286.4 6.4 0 
4292.8 6.4 0 
4299.2 6.4 0 
4305.6 6.4 0 
4312 6.4 0 
4318.4 6.4 0 
4324.8 6.4 0 
4331.2 6.4 0 
4337.6 6.4 0 
4344 6.4 0 
4350.4 6.4 0 
4356.8 6.4 0 
4363.2 6.4 0 
4369.6 6.4 0 
4376 6.4 0 
4382.4 6.4 0 
4388.8 6.4 0 
4395.2 6.4 0 
4401.6 6.4 0 
4408 6.4 0 
4414.4 6.4 0 
4420.8 6.4 0 
4427.2 6.4 0 
4433.6 6.4 0 
4440 6.4 0 
4446.4 6.4 0 
4452.8 6.4 0 
4459.2 6.4 0 
4465.6 6.4 0 
4472 6.4 0 
4478.4 6.4 0 
4484.8 6.4 0 
4491.2 6.4 0 
4497.6 6.4 0 
4504 6.4 0 
4510.4 6.4 0 
4516.8 6.4 0 
4523.2 6.4 0 
4529.6 6.4 0 
4536 6.4 0 
4542.4 6.4 0 
4548.8 6.4 0 
4555.2 6.4 0 
4561.6 6.4 0 
4568 6.4 0 
4574.4 6.4 0 
4580.8 6.4 0 
4587.2 6.4 0 
4593.6 6.4 0 
4600 6.4 0 
4606.4 6.4 0 
4612.8 6.4 0 
4619.2 6.4 0 
4625.6 6.4 0 
4632 6.4 0 
4638.4 6.4 0 
4644.8 6.4 0 
4651.2 6.4 0 
4657.6 6.4 0 
4664 6.4 0 
4670.4 6.4 0 
4676.8 6.4 0 
4683.2 6.4 0 
4689.6 6.4 0 
4696 6.4 0 
4702.4 6.4 0 
4708.8 6.4 0 
4715.2 6.4 0 
4721.6 6.4 0 
4728 6.4 0 
4734.4 6.4 0 
4740.8 6.4 0 
4747.2 6.4 0 
4753.6 6.4 0 
4760 6.4 0 
4766.4 6.4 0 
4772.8 6.4 0 
4779.2 6.4 0 
4785.6 6.4 0 
4792 6.4 0 
4798.4 6.4 0 
4804.8 6.4 0 
4811.2 6.4 0 
4817.6 6.4 0 
4824 6.4 0 
4830.4 6.4 0 
4836.8 6.4 0 
4843.2 6.4 0 
4849.6 6.4 0 
4856 6.4 0 
4862.4 6.4 0 
4868.8 6.4 0 
4875.2 6.4 0 
4881.6 6.4 0 
4888 6.4 0 
4894.4 6.4 0 
4900.8 6.4 0 
4907.2 6.4 0 
4913.6 6.4 0 
4920 6.4 0 
4926.4 6.4 0 
4932.8 6.4 0 
4939.2 6.4 0 
4945.6 6.4 0 
4952 6.4 0 
4958.4 6.4 0 
4964.8 6.4 0 
4971.2 6.4 0 
4977.6 6.4 0 
4984 6.4 0 
4990.4 6.4 0 
4996.8 6.4 0 
5003.2 6.4 0 
5009.6 6.4 0 
5016 6.4 0 
5022.4 6.4 0 
5028.8 6.4 0 
5035.2 6.4 0 
5041.6 6.4 0 
5048 6.4 0 
5054.4 6.4 0 
5060.8 6.4 0 
5067.2 6.4 0 
5073.6 6.4 0 
5080 6.4 0 
5086.4 6.4 0 
5092.8 6.4 0 
5099.2 6.4 0 
5105.6 6.4 0 
5112 6.4 0 
5118.4 6.4 0 
5124.8 6.4 0 
5131.2 6.4 0 
5137.6 6.4 0 
5144 6.4 0 
5150.4 6.4 0 
5156.8 6.4 0 
5163.2 6.4 0 
5169.6 6.4 0 
5176 6.4 0 
5182.4 6.4 0 
5188.8 6.4 0 
5195.2 6.4 0 
5201.6 6.4 0 
5208 6.4 0 
5214.4 6.4 0 
5220.8 6.4 0 
5227.2 6.4 0 
5233.6 6.4 0 
5240 6.4 0 
5246.4 6.4 0 
5252.8 6.4 0 
5259.2 6.4 0 
5265.6 6.4 0 
5272 6.4 0 
5278.4 6.4 0 
5284.8 6.4 0 
5291.2 6.4 0 
5297.6 6.4 0 
5304 6.4 0 
5310.4 6.4 0 
5316.8 6.4 0 
5323.2 6.4 0 
5329.6 6.4 0 
5336 6.4 0 
5342.4 6.4 0 
5348.8 6.4 0 
5355.2 6.4 0 
5361.6 6.4 0 
5368 6.4 0 
5374.4 6.4 0 
5380.8 6.4 0 
5387.2 6.4 0 
5393.6 6.4 0 
5400 6.4 0 
5406.4 6.4 0 
5412.8 6.4 0 
5419.2 6.4 0 
5425.6 6.4 0 
5432 6.4 0 
5438.4 6.4 0 
5444.8 6.4 0 
5451.2 6.4 0 
5457.6 6.4 0 
5464 6.4 0 
5470.4 6.4 0 
5476.8 6.4 0 
5483.2 6.4 0 
5489.6 6.4 0 
5496 6.4 0 
5502.4 6.4 0 
5508.8 6.4 0 
5515.2 6.4 0 
5521.6 6.4 0 
5528 6.4 0 
5534.4 6.4 0 
5540.8 6.4 0 
5547.2 6.4 0 
5553.6 6.4 0 
5560 6.4 0 
5566.4 6.4 0 
5572.8 6.4 0 
5579.2 6.4 0 
5585.6 6.4 0 
5592 6.4 0 
5598.4 6.4 0 
5604.8 6.4 0 
5611.2 6.4 0 
5617.6 6.4 0 
5624 6.4 0 
5630.4 6.4 0 
5636.8 6.4 0 
5643.2 6.4 0 
5649.6 6.4 0 
5656 6.4 0 
5662.4 6.4 0 
5668.8 6.4 0 
5675.2 6.4 0 
5681.6 6.4 0 
5688 6.4 0 
5694.4 6.4 0 
5700.8 6.4 0 
5707.2 6.4 0 
5713.6 6.4 0 
5720 6.4 0 
5726.4 6.4 0 
5732.8 6.4 0 
5739.2 6.4 0 
5745.6 6.4 0 
5752 6.4 0 
5758.4 6.4 0 
5764.8 6.4 0 
5771.2 6.4 0 
5777.6 6.4 0 
5784 6.4 0 
5790.4 6.4 0 
5796.8 6.4 0 
5803.2 6.4 0 
5809.6 6.4 0 
5816 6.4 0 
5822.4 6.4 0 
5828.8 6.4 0 
5835.2 6.4 0 
5841.6 6.4 0 
5848 6.4 0 
5854.4 6.4 0 
5860.8 6.4 0 
5867.2 6.4 0 
5873.6 6.4 0 
5880 6.4 0 
5886.4 6.4 0 
5892.8 6.4 0 
5899.2 6.4 0 
5905.6 6.4 0 
5912 6.4 0 
5918.4 6.4 0 
5924.8 6.4 0 
5931.2 6.4 0 
5937.6 6.4 0 
5944 6.4 0 
5950.4 6.4 0 
5956.8 6.4 0 
5963.2 6.4 0 
5969.6 6.4 0 
5976 6.4 0 
5982.4 6.4 0 
5988.8 6.4 0 
5995.2 6.4 0 
6001.6 6.4 0 
6008 6.4 0 
6014.4 6.4 0 
6020.8 6.4 0 
6027.2 6.4 0 
6033.6 6.4 0 
6040 6.4 0 
6046.4 6.4 0 
6052.8 6.4 0 
6059.2 6.4 0 
6065.6 6.4 0 
6072 6.4 0 
6078.4 6.4 0 
6084.8 6.4 0 
6091.2 6.4 0 
6097.6 6.4 0 
6104 6.4 0 
6110.4 6.4 0 
6116.8 6.4 0 
6123.2 6.4 0 
6129.6 6.4 0 
6136 6.4 0 
6142.4 6.4 0 
6148.8 6.4 0 
6155.2 6.4 0 
6161.6 6.4 0 
6168 6.4 0 
6174.4 6.4 0 
6180.8 6.4 0 
6187.2 6.4 0 
6193.6 6.4 0 
6200 6.4 0 
6206.4 6.4 0 
6212.8 6.4 0 
6219.2 6.4 0 
6225.6 6.4 0 
6232 6.4 0 
6238.4 6.4 0 
6244.8 6.4 0 
6251.2 6.4 0 
6257.6 6.4 0 
6264 6.4 0 
6270.4 6.4 0 
6276.8 6.4 0 
6283.2 6.4 0 
6289.6 6.4 0 
6296 6.4 0 
6302.4 6.4 0 
6308.8 6.4 0 
6315.2 6.4 0 
6321.6 6.4 0 
6328 6.4 0 
6334.4 6.4 0 
6340.8 6.4 0 
6347.2 6.4 0 
6353.6 6.4 0 
6360 6.4 0 
6366.4 6.4 0 
6372.8 6.4 0 
6379.2 6.4 0 
6385.6 6.4 0 
6392 6.4 0 
6398.4 6.4 0 
6404.8 6.4 0 
6411.2 6.4 0 
6417.6 6.4 0 
6424 6.4 0 
6430.4 6.4 0 
6436.8 6.4 0 
6443.2 6.4 0 
6449.6 6.4 0 
6456 6.4 0 
6462.4 6.4 0 
6468.8 6.4 0 
6475.2 6.4 0 
6481.6 6.4 0 
6488 6.4 0 
6494.4 6.4 0 
6500.8 6.4 0 
6507.2 6.4 0 
6513.6 6.4 0 
6520 6.4 0 
6526.4 6.4 0 
6532.8 6.4 0 
6539.2 6.4 0 
6545.6 6.4 0 
6552 6.4 0 
6558.4 6.4 0 
6564.8 6.4 0 
6571.2 6.4 0 
6577.6 6.4 0 
6584 6.4 0 
6590.4 6.4 0 
6596.8 6.4 0 
6603.2 6.4 0 
6609.6 6.4 0 
6616 6.4 0 
6622.4 6.4 0 
6628.8 6.4 0 
6635.2 6.4 0 
6641.6 6.4 0 
6648 6.4 0 
6654.4 6.4 0 
6660.8 6.4 0 
6667.2 6.4 0 
6673.6 6.4 0 
6680 6.4 0 
6686.4 6.4 0 
6692.8 6.4 0 
6699.2 6.4 0 
6705.6 6.4 0 
6712 6.4 0 
6718.4 6.4 0 
6724.8 6.4 0 
6731.2 6.4 0 
6737.6 6.4 0 
6744 6.4 0 
6750.4 6.4 0 
6756.8 6.4 0 
6763.2 6.4 0 
6769.6 6.4 0 
6776 6.4 0 
6782.4 6.4 0 
6788.8 6.4 0 
6795.2 6.4 0 
6801.6 6.4 0 
6808 6.4 0 
6814.4 6.4 0 
6820.8 6.4 0 
6827.2 6.4 0 
6833.6 6.4 0 
6840 6.4 0 
6846.4 6.4 0 
6852.8 6.4 0 
6859.2 6.4 0 
6865.6 6.4 0 
6872 6.4 0 
6878.4 6.4 0 
6884.8 6.4 0 
6891.2 6.4 0 
6897.6 6.4 0 
6904 6.4 0 
6910.4 6.4 0 
6916.8 6.4 0 
6923.2 6.4 0 
6929.6 6.4 0 
6936 6.4 0 
6942.4 6.4 0 
6948.8 6.4 0 
6955.2 6.4 0 
6961.6 6.4 0 
6968 6.4 0 
6974.4 6.4 0 
6980.8 6.4 0 
6987.2 6.4 0 
6993.6 6.4 0 
# out of range = 0 
